20217
5878
8467
17501
16793
20282
13956
14626
15228
15245
20366
20448
20449
20453
18533
17648
18207
15796
16725
13234
19275
20949
13161
11373
19055
19058
20974
20149
20538
20088
20970
21322
19251
18710
18066
12036
12003
16724
17675
8504
20456
20459
16056
13955
11850
14555
16075
21454
21278
11154
20025
21660
21659
19803
16363
21665
16365
21658
18839
16306
17070
21648
21647
11426
12283
12362
12369
11622
21685
19797
12371
19811
16311
14547
21687
16310
14845
12269
13613
12272
16968
21644
16966
21640
16299
13826
17013
16300
13810
21638
17073
21641
11964
21646
12277
12288
13617
20308
20307
12291
18808
21684
12292
18806
14444
13682
16361
11967
13828
21675
17084
8480
8474
179
1085
200
5874
189
190
208
1118
8458
202
8475
5867
8462
1125
5881
8469
8472
1113
1128
218
8457
1126
178
194
8470
1091
5888
191
8444
8446
8492
1103
192
217
1119
185
8443
8482
5880
5887
180
1089
14693
11125
11961
16681
19753
14807
14817
12127
12126
21014
13206
17905
19614
12386
13831
21595
17029
17027
19759
19666
16982
17007
17005
20376
15257
20381
12788
20740
12153
11227
12996
13874
19560
13783
14984
11246
19545
16900
12196
11209
12166
20699
13007
15478
14045
17809
14033
19596
19594
11954
18717
12305
12287
12744
19777
11604
16334
13975
17949
15606
15393
20235
17472
14535
11946
12189
16262
11652
16378
14711
14678
16949
17708
15349
13016
15756
13202
16855
14676
15352
13789
19279
15671
19490
21016
11241
11240
20498
14085
12494
19963
17239
17839
20735
12856
17668
13994
16961
12051
11169
15489
14053
19627
14740
15358
12700
15614
11413
13932
17698
12074
14324
12158
17685
20609
12159
16917
12214
14734
14724
16674
16676
13788
14753
12759
12757
20502
11461
20879
12873
17570
17551
20636
18025
20618
20869
19946
11352
12989
19369
14016
11272
17237
11358
15518
15432
16563
17890
18679
18170
14436
11790
15320
13812
19630
12317
12316
11301
15205
17528
12986
15456
18178
20665
19731
14046
17852
17640
18032
20480
20443
11170
12045
14598
16755
15141
12688
15494
19362
19361
19912
12449
11233
17464
19449
19446
15389
11212
12151
12152
11411
12414
19855
14971
19982
14968
11057
14970
11641
14347
10985
18847
14882
14881
13215
14453
14350
17114
11810
15340
18686
11456
15163
12730
11134
12914
17835
15465
11197
14283
12200
13781
19280
19276
18851
14712
16265
11644
19068
19070
13599
13210
12997
15680
20554
15666
11059
18865
21573
20240
12032
17995
15613
19483
11349
14015
12916
17993
11250
16906
15486
17217
14905
16828
17985
19878
11047
21564
15433
19077
11123
12132
14558
19455
15558
19247
20592
11114
10963
20563
15493
16944
17784
12874
12703
12117
14652
17943
20696
12060
20698
14758
12267
11118
14643
16812
11949
16871
14086
14017
14698
16670
20559
12063
12169
11776
11774
20346
11777
12262
12797
20391
12261
17572
19829
17256
15240
17159
17154
17153
13849
12733
11979
20837
11121
11261
16954
17021
19722
20358
21020
18063
17126
17143
12432
15350
15351
17457
19423
11199
16802
11200
17777
13068
14900
20603
15463
19391
16223
17543
15695
15769
18183
12755
17557
16936
13976
20395
19688
19696
11332
17915
20549
20547
17737
19706
19693
17950
19697
19689
11315
14835
13860
17201
14542
19757
11242
21582
11466
14011
13159
17458
11175
12993
12943
17778
19379
13020
20730
14029
20254
20290
19983
17157
19400
14745
11271
14039
13032
20463
19281
13018
17790
17793
16787
14621
14040
14906
19976
19987
18846
17691
17227
14461
11662
13209
21018
11496
12884
19022
21022
13228
11000
14363
11333
17109
17107
15439
19375
12147
20747
12849
11258
17830
15459
16849
11124
14021
15410
15405
20589
16786
20612
19574
19578
15140
20655
18688
12952
12951
20626
18697
16222
15380
15435
17009
20762
14443
12353
19621
20649
17102
17805
10980
18064
19556
18716
17658
20582
13092
18017
19479
17996
16782
19749
11220
12138
13766
15480
20749
19728
14806
21571
19488
20656
17823
15638
15512
17885
20641
12177
19518
20773
15617
20771
19863
16950
19516
18036
17932
14683
11189
16933
19583
16924
17451
14697
19508
14084
15431
16776
17897
19563
20544
20748
20227
15647
18072
12223
12033
18168
15758
19334
14816
14282
20826
17930
20812
13765
19730
19751
12920
11783
16508
14287
20816
15449
15402
15681
13028
13770
17814
14796
12392
15777
20483
12054
10957
15399
16388
21580
12350
11615
15678
14035
17199
19348
19869
20431
13216
12483
20621
11473
14684
20784
14605
12058
11176
12734
17816
15443
10990
12499
14139
19009
11778
12995
19365
17849
16503
19604
13679
14437
14853
14821
13815
14867
17094
3849
168
1061
5837
9021
3963
3973
1283
1282
10282
2362
7097
8882
1542
2987
10863
6221
6219
9027
8934
6174
6199
6197
9644
4413
9649
1944
10008
1309
327
2152
3030
8828
2939
4140
346
8813
6092
1352
309
1322
9967
2163
4634
3201
7001
3189
8864
8862
1054
7909
1461
1443
1900
9045
704
5490
3131
7141
4762
4549
9503
6664
3691
1046
1345
5418
752
5534
3867
3834
6141
6900
4505
2172
4912
2358
6047
3832
4508
2945
8547
4827
8758
10284
341
340
9766
3241
1650
9231
6431
7031
10003
2012
6860
3150
6153
1207
269
7053
3209
8895
3896
4514
1856
4770
513
3088
6890
1230
3480
1314
6877
9877
1315
6109
1370
3890
3880
5830
5832
2944
3909
1915
1913
9770
561
10147
2029
6762
6743
9904
7217
9886
10137
9214
452
2145
8637
3172
372
6429
458
4674
4588
5719
7082
7871
7362
3592
890
4476
2968
8898
1473
1472
401
4361
6720
2142
4612
7370
9933
8999
3202
7044
6832
7224
9748
9711
270
1201
3754
5947
4297
1844
4650
8630
8629
9180
1605
333
6656
8717
8714
4545
312
1307
1308
9485
511
1570
9123
4127
9250
4124
100
4126
741
3503
28
8039
3465
6310
10301
3609
3506
6306
910
4496
7878
556
4319
1886
8519
234
2070
10238
7027
4621
5985
297
3439
1356
2937
8548
8544
8043
1358
5421
744
8260
8262
2755
2366
2153
4836
9822
4822
102
8057
10841
9508
7258
1188
7187
4769
8751
449
3171
2072
7185
350
6098
4642
6409
4061
6020
7177
9146
90
10832
4589
8269
166
1288
3714
8723
4714
8439
9860
157
6
9831
4649
6136
6976
2030
1859
1273
3808
7135
9964
1216
9966
3914
1423
161
3799
6004
1049
6063
3242
3173
3854
5826
9827
1219
1325
876
874
9614
877
1418
1953
9659
1417
6764
9097
6448
4396
6351
6346
6345
3005
1889
1079
10105
164
361
6146
6213
8990
9626
10288
8543
2317
7255
6318
6335
1588
4506
4507
6649
8691
299
5994
300
6969
2224
4056
9871
4619
8659
5379
6735
8247
4851
4925
7375
1911
6749
6128
3132
9663
8956
8964
432
7107
9817
9815
6929
8974
8961
7142
8965
8957
415
3991
3016
6393
3698
10927
10928
9025
342
10850
566
3167
2315
6650
275
2149
2099
6970
8647
2176
9998
3185
9522
9558
9251
6349
3782
8668
3901
371
3195
2188
9731
8549
2174
6982
6985
5979
3777
3196
4062
9244
9255
8038
6883
6419
3617
762
2365
10286
596
2040
8214
10290
2384
2374
2749
433
6301
6299
4595
8643
10043
10015
9717
7725
2005
358
7022
4615
6041
167
3177
4566
4561
9857
5978
9880
8842
8846
4296
9923
7880
2108
2107
9894
7889
5378
10933
4536
4591
6201
10030
3599
1509
8889
9917
6294
6997
23
7256
8824
7908
6850
9850
2248
7209
8747
7188
5974
10926
9017
320
1294
2922
4636
10017
8996
3962
10839
8756
9924
7015
4794
4668
7077
9909
1333
8786
10041
4773
10039
9131
6142
8784
7228
7124
3839
289
7399
6125
8851
6116
6643
3853
8776
3240
4587
5968
7089
8831
9812
10016
9495
4803
5917
7264
1379
4401
9716
1189
7360
4914
8602
5462
3972
3438
10094
7122
10080
2921
8998
10915
10916
1518
9019
10953
722
2076
883
5467
9079
5664
3443
10084
5466
4605
4558
4837
2184
2926
7006
3952
1548
2371
9751
6867
1210
0
4555
5544
10848
1506
715
4834
8922
1425
3191
6391
8616
9137
9699
2372
1639
9889
573
10912
3840
10052
3761
1214
276
1890
7008
4599
5455
10908
33
1655
3295
5456
10242
9806
10906
8201
878
2151
8633
7041
5659
10909
8872
10914
2773
1444
1447
1448
10952
2838
10943
2835
3593
9071
5519
5521
737
6262
9620
9619
1525
9065
1527
3955
9080
4001
8923
1429
9653
6266
6205
2966
6265
6207
10482
1899
1897
710
706
8224
2797
4477
1067
6272
1504
6237
6225
4023
6286
6693
9550
3112
4384
9634
9721
6840
4952
2390
10217
473
8250
9417
9356
10590
7902
1192
1159
5916
9985
3210
9724
9727
5212
3111
950
3711
5231
10722
10546
254
9293
12401
9114
14054
20717
18760
12718
1874
7952
21689